sr	scenario	group	MLE	Ac	NoEx	ER_MLE	ER_Ac	ER_NoEx
0.05	Base	GSI A	9326	9342	9326	-2	-2	-4
0.05	Base	GSI B	14638	14726	16424	-6	-5	-47
0.05	Base	GSI C	55831	55829	79758	9	9	-166
0.05	Base	GSIgroup1	5431	5455	5445	3	4	1
0.05	Base	GSIgroup10	55043	55021	63301	-2	1	-98
0.05	Base	GSIgroup2	5954	5954	5960	-4	-4	-4
0.05	Base	GSIgroup4	11164	11183	11186	3	3	1
0.05	Base	GSIgroup5	10578	10598	10645	2	2	-6
0.05	Base	GSIgroup7	14397	14396	14444	-6	-6	-9
0.05	Base	GSIgroup8	24887	24891	28206	2	2	-67
0.05	Base	PBT A	1876	1881	1848	2	2	3
0.05	Base	PBT B	8849	8941	9141	-4	-5	49
0.05	Base	PBT C	4913	4913	5393	2	2	61
0.05	Base	pbtGroup1	1506	1507	1241	0	0	7
0.05	Base	pbtGroup10	2215	2221	2041	-3	-3	1
0.05	Base	pbtGroup12	2656	2657	2555	-1	-1	2
0.05	Base	pbtGroup13	2596	2596	2212	0	0	12
0.05	Base	pbtGroup14	3292	3292	3192	3	3	6
0.05	Base	pbtGroup15	4258	4258	3937	3	3	29
0.05	Base	pbtGroup16	3949	3949	3871	-1	-1	1
0.05	Base	pbtGroup17	5194	5194	4924	-1	-1	6
0.05	Base	pbtGroup18	7198	7219	6726	-1	-2	15
0.05	Base	pbtGroup19	5670	5670	5259	-1	-1	19
0.05	Base	pbtGroup2	2151	2151	1470	-1	-1	18
0.05	Base	pbtGroup20	7540	7537	6945	-2	-2	24
0.05	Base	pbtGroup21	6489	6492	6378	1	0	4
0.05	Base	pbtGroup22	8337	8376	8528	-3	-4	51
0.05	Base	pbtGroup23	7981	8012	7680	1	0	12
0.05	Base	pbtGroup25	19588	19613	20801	4	2	59
0.05	Base	pbtGroup3	1665	1665	1665	-1	-1	-1
0.05	Base	pbtGroup4	2055	2055	1943	0	0	3
0.05	Base	pbtGroup5	2171	2171	2129	0	0	1
0.05	Base	pbtGroup6	1856	1856	1677	4	4	11
0.05	Base	pbtGroup7	2024	2032	1897	1	1	5
0.05	Base	pbtGroup9	2316	2316	2270	0	0	1
0.075	Base	GSI A	6259	6265	6275	2	2	-1
0.075	Base	GSI B	9436	9455	10569	4	4	-37
0.075	Base	GSI C	38506	38501	69774	-6	-6	-183
0.075	Base	GSIgroup1	3809	3814	3834	-4	-3	-5
0.075	Base	GSIgroup10	37826	37830	45381	5	8	-91
0.075	Base	GSIgroup2	3591	3594	3594	1	1	1
0.075	Base	GSIgroup4	6910	6918	6921	0	0	-2
0.075	Base	GSIgroup5	7963	7969	8022	-1	0	-8
0.075	Base	GSIgroup7	9924	9924	9938	-3	-3	-6
0.075	Base	GSIgroup8	15146	15147	20422	-10	-10	-80
0.075	Base	PBT A	1243	1245	1225	2	2	3
0.075	Base	PBT B	5755	5795	6655	-5	-6	48
0.075	Base	PBT C	3482	3481	4571	-3	-3	58
0.075	Base	pbtGroup1	893	893	744	-1	-1	6
0.075	Base	pbtGroup10	1545	1546	1434	-1	-1	3
0.075	Base	pbtGroup12	1575	1575	1529	2	2	5
0.075	Base	pbtGroup13	1652	1652	1518	2	2	15
0.075	Base	pbtGroup14	2112	2112	2065	4	4	7
0.075	Base	pbtGroup15	2580	2580	2611	1	1	27
0.075	Base	pbtGroup16	2971	2971	2912	-1	-1	1
0.075	Base	pbtGroup17	3320	3320	3165	-1	-1	6
0.075	Base	pbtGroup18	4492	4499	4461	5	4	20
0.075	Base	pbtGroup19	3526	3526	3464	1	1	20
0.075	Base	pbtGroup2	1092	1092	918	-1	-1	18
0.075	Base	pbtGroup20	4683	4683	4784	4	4	29
0.075	Base	pbtGroup21	4179	4179	4159	8	7	11
0.075	Base	pbtGroup22	5142	5154	7016	5	4	58
0.075	Base	pbtGroup23	5690	5716	5453	-2	-3	9
0.075	Base	pbtGroup25	13285	13324	14977	1	0	57
0.075	Base	pbtGroup3	1103	1103	1103	-3	-3	-3
0.075	Base	pbtGroup4	1394	1394	1317	-1	-1	2
0.075	Base	pbtGroup5	1408	1408	1373	-4	-4	-3
0.075	Base	pbtGroup6	1286	1286	1127	-1	-1	6
0.075	Base	pbtGroup7	1350	1352	1272	1	1	5
0.075	Base	pbtGroup9	1525	1525	1492	-2	-2	-1
0.1	Base	GSI A	4608	4609	4608	0	1	-2
0.1	Base	GSI B	7101	7101	8471	3	3	-39
0.1	Base	GSI C	27186	27191	57342	-2	-2	-176
0.1	Base	GSIgroup1	2882	2887	2893	-1	-1	-3
0.1	Base	GSIgroup10	28476	28445	38377	-7	-4	-102
0.1	Base	GSIgroup2	2842	2845	2842	0	0	0
0.1	Base	GSIgroup4	4717	4723	4721	1	1	-1
0.1	Base	GSIgroup5	5784	5779	5879	-3	-2	-10
0.1	Base	GSIgroup7	7054	7053	7057	-1	-1	-4
0.1	Base	GSIgroup8	11603	11603	15787	1	1	-69
0.1	Base	PBT A	1002	1004	985	0	0	1
0.1	Base	PBT B	4999	5040	6381	-2	-3	51
0.1	Base	PBT C	2453	2453	4739	5	5	62
0.1	Base	pbtGroup1	708	708	609	0	0	7
0.1	Base	pbtGroup10	972	972	908	-1	-1	4
0.1	Base	pbtGroup12	1249	1249	1199	-1	-1	1
0.1	Base	pbtGroup13	1309	1309	1225	1	1	14
0.1	Base	pbtGroup14	1815	1815	1757	0	0	4
0.1	Base	pbtGroup15	2020	2019	2228	1	1	28
0.1	Base	pbtGroup16	2120	2120	2072	-2	-2	0
0.1	Base	pbtGroup17	2349	2349	2264	0	0	7
0.1	Base	pbtGroup18	3588	3598	3567	2	2	18
0.1	Base	pbtGroup19	3037	3037	3008	0	0	20
0.1	Base	pbtGroup2	860	860	823	0	0	19
0.1	Base	pbtGroup20	3243	3243	3426	1	1	26
0.1	Base	pbtGroup21	3436	3439	3362	-3	-3	1
0.1	Base	pbtGroup22	3974	3972	6195	5	4	58
0.1	Base	pbtGroup23	3995	4017	3791	-5	-6	7
0.1	Base	pbtGroup25	8680	8680	11356	5	4	61
0.1	Base	pbtGroup3	865	865	865	1	1	1
0.1	Base	pbtGroup4	970	970	919	0	0	3
0.1	Base	pbtGroup5	1023	1023	1005	0	0	2
0.1	Base	pbtGroup6	1035	1035	943	1	1	8
0.1	Base	pbtGroup7	1059	1060	999	1	1	5
0.1	Base	pbtGroup9	1174	1174	1149	-1	-1	0
0.15	Base	GSI A	2990	2989	2976	2	2	-1
0.15	Base	GSI B	4433	4439	5935	1	2	-40
0.15	Base	GSI C	18840	18836	42008	20	20	-157
0.15	Base	GSIgroup1	1785	1786	1776	1	2	-1
0.15	Base	GSIgroup10	19049	19032	30262	-12	-9	-108
0.15	Base	GSIgroup2	1892	1891	1892	2	2	2
0.15	Base	GSIgroup4	3454	3454	3469	0	0	-3
0.15	Base	GSIgroup5	3901	3896	3959	0	1	-7
0.15	Base	GSIgroup7	4172	4172	4191	-1	-1	-4
0.15	Base	GSIgroup8	7280	7280	11238	4	4	-66
0.15	Base	PBT A	661	662	652	1	1	2
0.15	Base	PBT B	2869	2889	4929	0	-1	52
0.15	Base	PBT C	1599	1599	3925	-3	-3	58
0.15	Base	pbtGroup1	549	549	478	-1	-1	7
0.15	Base	pbtGroup10	743	743	708	1	1	5
0.15	Base	pbtGroup12	825	825	807	2	2	4
0.15	Base	pbtGroup13	831	831	770	-2	-2	11
0.15	Base	pbtGroup14	1090	1090	1044	-2	-2	1
0.15	Base	pbtGroup15	1322	1322	1758	2	2	28
0.15	Base	pbtGroup16	1258	1258	1241	1	1	3
0.15	Base	pbtGroup17	1724	1724	1698	2	2	9
0.15	Base	pbtGroup18	2164	2172	2220	0	0	16
0.15	Base	pbtGroup19	1929	1929	1963	-3	-3	17
0.15	Base	pbtGroup2	642	642	698	0	0	19
0.15	Base	pbtGroup20	2097	2097	2377	-1	-1	25
0.15	Base	pbtGroup21	2406	2408	2337	-5	-5	-2
0.15	Base	pbtGroup22	3065	3066	4700	-5	-5	51
0.15	Base	pbtGroup23	2966	2978	2876	-2	-3	9
0.15	Base	pbtGroup25	6417	6421	8873	1	0	57
0.15	Base	pbtGroup3	548	548	548	-1	-1	-1
0.15	Base	pbtGroup4	622	622	606	2	2	5
0.15	Base	pbtGroup5	760	760	744	-1	-1	0
0.15	Base	pbtGroup6	590	590	537	-1	-1	6
0.15	Base	pbtGroup7	718	718	666	-2	-2	3
0.15	Base	pbtGroup9	781	781	764	-1	-1	0
0.2	Base	GSI A	2454	2452	2451	1	1	-2
0.2	Base	GSI B	3328	3328	5144	-2	-2	-43
0.2	Base	GSI C	13740	13741	42468	5	5	-171
0.2	Base	GSIgroup1	1398	1397	1397	-1	-1	-3
0.2	Base	GSIgroup10	15249	15227	26729	-13	-11	-109
0.2	Base	GSIgroup2	1263	1262	1264	0	0	-1
0.2	Base	GSIgroup4	2202	2203	2191	4	4	1
0.2	Base	GSIgroup5	3088	3090	3153	0	1	-7
0.2	Base	GSIgroup7	3752	3752	3761	0	0	-3
0.2	Base	GSIgroup8	6451	6450	10836	1	1	-69
0.2	Base	PBT A	452	453	447	1	1	2
0.2	Base	PBT B	2272	2278	4684	2	1	54
0.2	Base	PBT C	1157	1156	4021	1	1	60
0.2	Base	pbtGroup1	371	371	354	1	1	8
0.2	Base	pbtGroup10	562	562	526	-1	-1	3
0.2	Base	pbtGroup12	668	668	649	0	0	3
0.2	Base	pbtGroup13	598	598	662	1	1	14
0.2	Base	pbtGroup14	865	865	849	1	1	4
0.2	Base	pbtGroup15	1039	1039	1526	1	1	28
0.2	Base	pbtGroup16	939	939	924	0	0	2
0.2	Base	pbtGroup17	1259	1259	1233	0	0	7
0.2	Base	pbtGroup18	1732	1736	1789	-1	-2	15
0.2	Base	pbtGroup19	1379	1379	1594	0	0	20
0.2	Base	pbtGroup2	512	512	637	0	0	19
0.2	Base	pbtGroup20	1659	1659	2047	0	0	25
0.2	Base	pbtGroup21	1940	1942	1901	-2	-2	1
0.2	Base	pbtGroup22	1899	1901	4634	3	3	57
0.2	Base	pbtGroup23	1956	1963	1963	-1	-1	11
0.2	Base	pbtGroup25	4240	4239	7050	1	1	57
0.2	Base	pbtGroup3	402	402	402	1	1	1
0.2	Base	pbtGroup4	522	522	493	-1	-1	2
0.2	Base	pbtGroup5	511	511	504	1	1	2
0.2	Base	pbtGroup6	499	499	449	-2	-2	5
0.2	Base	pbtGroup7	492	492	470	0	0	4
0.2	Base	pbtGroup9	593	593	581	-1	-1	0
0.25	Base	GSI A	2059	2059	2067	-1	-1	-3
0.25	Base	GSI B	2528	2529	3825	5	5	-37
0.25	Base	GSI C	12057	12065	43414	-3	-3	-179
0.25	Base	GSIgroup1	1158	1158	1151	2	2	0
0.25	Base	GSIgroup10	12534	12535	20877	3	5	-93
0.25	Base	GSIgroup2	1055	1055	1056	0	0	0
0.25	Base	GSIgroup4	1964	1963	1979	-2	-2	-5
0.25	Base	GSIgroup5	2058	2060	2117	-1	-1	-8
0.25	Base	GSIgroup7	2407	2407	2404	2	2	-1
0.25	Base	GSIgroup8	5049	5049	9617	0	0	-70
0.25	Base	PBT A	401	402	394	0	-1	0
0.25	Base	PBT B	1763	1769	4242	1	0	54
0.25	Base	PBT C	1075	1074	3896	-1	-1	59
0.25	Base	pbtGroup1	270	270	272	0	0	8
0.25	Base	pbtGroup10	424	424	412	1	1	5
0.25	Base	pbtGroup12	510	510	489	-1	-1	1
0.25	Base	pbtGroup13	520	520	572	0	0	13
0.25	Base	pbtGroup14	666	666	644	-1	-1	2
0.25	Base	pbtGroup15	834	834	1190	-3	-3	24
0.25	Base	pbtGroup16	816	816	807	1	1	3
0.25	Base	pbtGroup17	969	969	962	0	0	7
0.25	Base	pbtGroup18	1430	1432	1592	1	1	17
0.25	Base	pbtGroup19	1091	1091	1234	-3	-3	17
0.25	Base	pbtGroup2	372	372	535	-1	-1	18
0.25	Base	pbtGroup20	1197	1197	1681	0	0	26
0.25	Base	pbtGroup21	1428	1428	1408	-1	-1	3
0.25	Base	pbtGroup22	1670	1673	4239	1	1	55
0.25	Base	pbtGroup23	1582	1584	1687	3	2	14
0.25	Base	pbtGroup25	3653	3647	6710	3	2	59
0.25	Base	pbtGroup3	303	303	303	-1	-1	-1
0.25	Base	pbtGroup4	427	427	404	-1	-1	2
0.25	Base	pbtGroup5	403	403	394	-1	-1	0
0.25	Base	pbtGroup6	338	338	333	0	0	7
0.25	Base	pbtGroup7	426	426	404	-1	-1	3
0.25	Base	pbtGroup9	439	439	426	-2	-2	-1
0.3	Base	GSI A	1688	1687	1684	2	2	-1
0.3	Base	GSI B	2127	2130	3506	4	4	-38
0.3	Base	GSI C	8781	8785	38289	2	2	-173
0.3	Base	GSIgroup1	986	986	984	1	1	-2
0.3	Base	GSIgroup10	9270	9288	17132	7	8	-90
0.3	Base	GSIgroup2	860	858	860	-1	-1	-2
0.3	Base	GSIgroup4	1947	1946	1976	-5	-5	-7
0.3	Base	GSIgroup5	1695	1693	1751	-1	0	-8
0.3	Base	GSIgroup7	2039	2039	2058	-1	-1	-5
0.3	Base	GSIgroup8	4571	4571	9317	-1	-1	-71
0.3	Base	PBT A	342	343	336	-1	-1	0
0.3	Base	PBT B	1598	1601	4257	3	2	55
0.3	Base	PBT C	879	879	3934	1	1	60
0.3	Base	pbtGroup1	251	251	250	0	0	7
0.3	Base	pbtGroup10	343	343	335	0	0	4
0.3	Base	pbtGroup12	372	372	364	0	0	3
0.3	Base	pbtGroup13	406	406	479	0	0	13
0.3	Base	pbtGroup14	543	543	531	0	0	3
0.3	Base	pbtGroup15	661	661	1166	-1	-1	26
0.3	Base	pbtGroup16	690	690	683	1	1	3
0.3	Base	pbtGroup17	776	776	756	-2	-2	5
0.3	Base	pbtGroup18	1141	1144	1226	-2	-2	14
0.3	Base	pbtGroup19	875	875	1137	0	0	20
0.3	Base	pbtGroup2	361	361	537	0	0	19
0.3	Base	pbtGroup20	1150	1150	1681	1	1	27
0.3	Base	pbtGroup21	1074	1075	1060	-1	-1	3
0.3	Base	pbtGroup22	1270	1272	3709	-2	-2	53
0.3	Base	pbtGroup23	1338	1341	1442	2	1	14
0.3	Base	pbtGroup25	3124	3137	5424	-5	-5	52
0.3	Base	pbtGroup3	280	280	280	0	0	0
0.3	Base	pbtGroup4	338	338	325	0	0	3
0.3	Base	pbtGroup5	358	358	350	-1	-1	0
0.3	Base	pbtGroup6	330	330	338	1	1	8
0.3	Base	pbtGroup7	318	318	319	1	1	5
0.3	Base	pbtGroup9	351	351	346	0	0	1
0.35	Base	GSI A	1380	1378	1393	-3	-2	-5
0.35	Base	GSI B	1967	1965	3848	-2	-2	-44
0.35	Base	GSI C	7444	7452	39262	-4	-4	-179
0.35	Base	GSIgroup1	856	857	843	3	3	1
0.35	Base	GSIgroup10	8611	8604	18068	-1	0	-98
0.35	Base	GSIgroup2	743	742	742	-2	-2	-2
0.35	Base	GSIgroup4	1414	1414	1419	0	0	-2
0.35	Base	GSIgroup5	1678	1677	1723	0	1	-7
0.35	Base	GSIgroup7	1806	1806	1816	0	0	-3
0.35	Base	GSIgroup8	3671	3670	7653	5	5	-65
0.35	Base	PBT A	285	286	280	-1	-1	0
0.35	Base	PBT B	1306	1311	3993	2	1	55
0.35	Base	PBT C	612	611	3783	0	0	60
0.35	Base	pbtGroup1	201	201	209	0	0	7
0.35	Base	pbtGroup10	301	301	290	-1	-1	4
0.35	Base	pbtGroup12	391	391	380	0	0	2
0.35	Base	pbtGroup13	368	368	455	0	0	13
0.35	Base	pbtGroup14	529	529	516	0	0	3
0.35	Base	pbtGroup15	621	621	1232	1	1	28
0.35	Base	pbtGroup16	608	608	600	0	0	2
0.35	Base	pbtGroup17	732	732	746	0	0	8
0.35	Base	pbtGroup18	973	973	1195	2	1	18
0.35	Base	pbtGroup19	825	825	1116	0	0	20
0.35	Base	pbtGroup2	284	284	474	-1	-1	18
0.35	Base	pbtGroup20	987	987	1365	-3	-3	23
0.35	Base	pbtGroup21	893	893	893	1	1	4
0.35	Base	pbtGroup22	1158	1158	3908	1	1	56
0.35	Base	pbtGroup23	1085	1087	1125	-1	-2	10
0.35	Base	pbtGroup25	2635	2633	5883	3	3	60
0.35	Base	pbtGroup3	249	249	249	-2	-2	-2
0.35	Base	pbtGroup4	256	256	248	0	0	3
0.35	Base	pbtGroup5	280	280	275	0	0	1
0.35	Base	pbtGroup6	258	258	267	0	0	7
0.35	Base	pbtGroup7	330	330	323	0	0	4
0.35	Base	pbtGroup9	321	321	318	1	1	2
0.4	Base	GSI A	1194	1193	1208	-2	-2	-5
0.4	Base	GSI B	1558	1559	3314	-1	-1	-43
0.4	Base	GSI C	7429	7438	37990	1	1	-176
0.4	Base	GSIgroup1	693	693	700	-1	-1	-3
0.4	Base	GSIgroup10	7208	7203	17433	-5	-3	-102
0.4	Base	GSIgroup2	652	653	652	2	2	1
0.4	Base	GSIgroup4	1268	1268	1257	4	4	1
0.4	Base	GSIgroup5	1526	1526	1556	1	2	-6
0.4	Base	GSIgroup7	1819	1819	1811	3	3	-1
0.4	Base	GSIgroup8	2992	2992	7951	-2	-2	-71
0.4	Base	PBT A	254	254	250	0	0	1
0.4	Base	PBT B	1091	1096	3687	1	0	53
0.4	Base	PBT C	597	596	3610	-2	-2	58
0.4	Base	pbtGroup1	181	181	199	0	0	7
0.4	Base	pbtGroup10	274	274	269	0	0	4
0.4	Base	pbtGroup12	306	306	298	0	0	2
0.4	Base	pbtGroup13	335	335	421	0	0	12
0.4	Base	pbtGroup14	423	423	417	0	0	3
0.4	Base	pbtGroup15	539	539	1094	0	0	27
0.4	Base	pbtGroup16	514	514	509	0	0	2
0.4	Base	pbtGroup17	635	635	639	-1	-1	7
0.4	Base	pbtGroup18	827	829	1031	1	0	17
0.4	Base	pbtGroup19	675	675	1003	1	1	20
0.4	Base	pbtGroup2	227	227	512	1	1	20
0.4	Base	pbtGroup20	817	817	1375	1	1	26
0.4	Base	pbtGroup21	760	760	763	1	1	4
0.4	Base	pbtGroup22	1094	1095	3773	0	0	55
0.4	Base	pbtGroup23	964	969	1022	-1	-2	11
0.4	Base	pbtGroup25	2277	2278	5325	1	1	58
0.4	Base	pbtGroup3	191	191	191	0	0	0
0.4	Base	pbtGroup4	245	245	233	-1	-1	2
0.4	Base	pbtGroup5	285	285	278	-1	-1	0
0.4	Base	pbtGroup6	234	234	254	1	1	7
0.4	Base	pbtGroup7	252	252	251	0	0	4
0.4	Base	pbtGroup9	259	259	255	0	0	1
0.2	1	GSI A	2859	2851	6423	-2	1	-38
0.2	1	GSI B	3499	3508	7028	-2	-1	-39
0.2	1	GSI C	13342	13348	16825	2	3	-38
0.2	1	GSIgroup1	1634	1635	5372	-4	-1	-40
0.2	1	GSIgroup10	13853	13845	17518	2	3	-37
0.2	1	GSIgroup2	1575	1633	5140	-3	3	-39
0.2	1	GSIgroup4	2821	2825	6820	-2	1	-41
0.2	1	GSIgroup5	3057	3078	6648	-2	1	-41
0.2	1	GSIgroup7	3529	3518	7375	-3	-1	-41
0.2	1	GSIgroup8	5608	5562	9600	-8	-3	-44
0.2	1	PBT A	506	507	498	0	0	1
0.2	1	PBT B	2309	2367	4623	5	0	53
0.2	1	PBT C	1141	1175	4045	6	1	60
0.2	1	pbtGroup1	365	370	333	NA	NA	NA
0.2	1	pbtGroup10	518	519	492	0	-1	4
0.2	1	pbtGroup12	635	635	616	0	0	2
0.2	1	pbtGroup13	590	598	612	0	-1	12
0.2	1	pbtGroup14	772	773	744	-1	-1	2
0.2	1	pbtGroup15	999	1017	1323	-2	-3	24
0.2	1	pbtGroup16	1058	1059	1035	-2	-2	0
0.2	1	pbtGroup17	1166	1170	1190	3	2	10
0.2	1	pbtGroup18	1731	1745	1809	0	-1	15
0.2	1	pbtGroup19	1362	1379	1539	0	-1	19
0.2	1	pbtGroup2	439	458	594	1	0	19
0.2	1	pbtGroup20	1649	1663	1974	-1	-2	24
0.2	1	pbtGroup21	1688	1691	1683	2	2	6
0.2	1	pbtGroup22	1916	1922	4507	3	2	56
0.2	1	pbtGroup23	1924	1930	1988	3	1	13
0.2	1	pbtGroup25	4308	4354	6863	1	-2	55
0.2	1	pbtGroup3	403	403	403	1	1	1
0.2	1	pbtGroup4	504	504	474	-2	-2	1
0.2	1	pbtGroup5	490	490	484	1	1	2
0.2	1	pbtGroup6	463	469	458	1	1	8
0.2	1	pbtGroup7	535	537	506	-1	-1	3
0.2	1	pbtGroup9	579	579	568	0	0	1
0.2	2	GSI A	2794	2799	4666	-4	-1	-42
0.2	2	GSI B	3320	3325	4921	-1	1	-38
0.2	2	GSI C	12649	12653	13460	9	10	-31
0.2	2	GSIgroup1	1689	1697	3638	-5	-1	-42
0.2	2	GSIgroup10	13586	13619	14901	4	6	-36
0.2	2	GSIgroup2	1648	1688	3267	-4	2	-38
0.2	2	GSIgroup4	2785	2796	4639	-3	0	-40
0.2	2	GSIgroup5	3075	3074	4694	-3	1	-39
0.2	2	GSIgroup7	3482	3457	5387	-5	-2	-42
0.2	2	GSIgroup8	6013	5970	8242	-12	-6	-47
0.2	2	PBT A	536	536	528	1	1	2
0.2	2	PBT B	2223	2223	4706	8	2	55
0.2	2	PBT C	1169	1248	3863	5	-2	59
0.2	2	pbtGroup1	357	364	355	NA	NA	NA
0.2	2	pbtGroup10	546	549	518	0	-1	3
0.2	2	pbtGroup12	623	624	602	-1	-1	2
0.2	2	pbtGroup13	612	629	666	2	0	13
0.2	2	pbtGroup14	866	867	834	-1	-1	2
0.2	2	pbtGroup15	1091	1112	1484	1	-1	26
0.2	2	pbtGroup16	1026	1027	1015	1	1	3
0.2	2	pbtGroup17	1257	1260	1248	1	1	8
0.2	2	pbtGroup18	1691	1708	1766	0	-1	15
0.2	2	pbtGroup19	1487	1499	1712	3	1	20
0.2	2	pbtGroup2	494	510	642	2	1	19
0.2	2	pbtGroup20	1735	1764	1980	-2	-3	22
0.2	2	pbtGroup21	1733	1738	1694	-3	-3	0
0.2	2	pbtGroup22	1997	2016	4379	1	0	54
0.2	2	pbtGroup23	1986	2003	2006	1	-1	11
0.2	2	pbtGroup25	4785	4822	7736	6	2	59
0.2	2	pbtGroup3	404	404	404	-1	-1	-1
0.2	2	pbtGroup4	529	530	505	0	0	3
0.2	2	pbtGroup5	512	512	503	0	0	1
0.2	2	pbtGroup6	471	478	447	0	-1	7
0.2	2	pbtGroup7	502	503	476	0	0	4
0.2	2	pbtGroup9	592	592	580	-1	-1	0
